1
1
1
1
3
1
1
1
3
1
1
2
1
3
1
1
1
1
1
1
3
1
1
2
1
1
1
2
1
1
5
1
1
1
1
1
2
3
1
1
1
1
1
1
1
1
2
1
1
2
1
1
1
2
1
2
4
1
2
3
1
1
1
1
1
2
1
1
1
1
1
1
1
1
1
1
2
1
2
1
1
1
1
1
1
1
3
1
1
1
1
1
1
1
1
1
1
1
1
1
2
1
1
1
2
3
1
1
1
1
3
3
1
3
1
4
1
1
2
1
1
1
3
2
1
1
1
2
1
1
3
2
1
1
1
2
1
5
1
1
2
2
1
2
2
1
1
7
1
1
3
1
1
1
1
1
1
2
1
2
1
2
2
1
1
1
1
1
1
1
6
2
6
1
3
1
1
1
1
1
1
1
1
1
2
1
1
1
1
2
4
1
1
1
1
1
4
6
1
5
1
2
1
3
1
1
1
5
1
2
2
1
2
1
1
1
1
45
3
1
1
1
1
1
3
1
3
1
3
2
1
3
3
3
2
1
1
1
1
1
1
1
1
1
2
1
1
2
1
2
1
3
1
1
1
1
1
1
2
2
2
1
1
1
1
1
3
2
2
3
2
1
1
1
1
1
1
2
4
1
1
1
1
3
2
1
1
1
1
1
3
1
1
5
7
1
4
49
2
1
1
1
1
2
5
2
1
1
1
3
1
1
10
2
1
2
1
1
2
3
1
1
1
2
1
3
1
2
2
1
2
1
3
1
2
2
1
2
1
1
5
1
1
2
4
1
2
1
3
2
1
1
2
2
2
2
2
3
2
3
1
1
1
1
6
6
7
1
1
1
2
1
1
4
1
2
3
1
1
1
1
2
2
1
1
1
1
3
1
2
3
3
1
1
3
1
1
2
1
1
3
1
1
1
4
1
4
1
1
1
3
1
1
1
1
3
1
1
1
1
1
1
1
1
4
2
2
1
1
4
1
1
1
5
3
1
2
45
1
3
1
1
1
1
2
1
5
4
1
1
1
1
2
8
1
1
2
1
3
1
1
1
1
1
1
4
1
1
1
3
1
2
1
1
1
1
1
1
1
1
2
1
1
1
2
1
1
1
1
3
1
8
1
1
1
1
1
3
1
1
1
3
1
3
1
1
1
1
2
2
3
1
1
1
1
1
2
1
1
1
3
3
1
2
4
2
1
1
2
6
1
1
3
7
2
3
7
3
1
1
3
3
3
2
1
2
3
3
2
1
2
1
1
1
1
1
3
3
5
1
1
4
1
1
2
1
2
1
1
1
1
1
1
1
1
2
4
1
1
1
1
4
1
6
1
1
1
1
3
3
1
1
1
1
1
1
1
1
1
1
1
1
1
1
1
1
1
3
4
6
1
4
1
3
3
1
3
49
1
3
1
1
2
1
1
1
3
1
1
1
3
1
1
1
4
1
1
7
3
7
1
3
1
1
3
2
1
1
7
3
2
3
3
1
1
3
1
1
1
1
3
1
5
7
9
1
4
3
8
4
3
5
4
7
3
2
8
4
3
8
8
11
9
11
13
13
17
13
17
18
17
16
23
24
23
25
25
24
23
26
24
24
19
27
22
22
22
19
26
25
14
25
25
25
25
29
27
29
26
29
28
30
29
35
31
35
36
26
35
36
38
39
37
42
39
47
40
45
42
42
43
44
43
45
45
46
45
47
47
47
49
52
48
45
49
49
49
50
50
52
49
51
51
51
53
53
52
52
52
54
54
51
55
54
55
57
57
55
53
57
51
59
58
57
60
61
57
61
62
62
63
63
63
64
62
62
62
64
64
64
64
65
64
64
64
56
63
64
62
66
63
62
67
63
65
65
62
62
65
63
66
67
67
65
65
66
67
67
66
66
64
61
66
66
64
65
65
65
65
64
66
67
66
65
68
64
65
64
65
61
64
65
65
65
65
64
67
67
68
69
66
65
66
66
69
70
62
66
68
67
70
70
69
69
70
66
70
60
70
74
73
71
73
72
72
71
75
71
75
73
71
51
67
70
69
74
74
71
66
66
66
66
65
65
65
65
66
66
64
65
64
64
66
63
65
62
66
68
69
67
70
65
72
72
71
71
70
71
70
70
71
62
62
66
59
65
58
64
64
63
64
63
64
64
64
64
64
60
68
61
64
67
66
66
63
65
64
61
64
63
64
63
58
65
64
64
64
63
63
63
64
70
63
59
63
61
65
65
65
66
65
58
65
68
65
64
64
65
66
64
65
66
67
64
69
64
64
64
62
62
62
62
62
63
63
69
65
63
69
63
64
70
64
64
68
66
69
61
68
72
68
66
68
67
65
67
65
70
67
70
69
73
73
75
75
81
73
75
70
69
71
70
75
75
75
72
72
75
64
70
71
69
70
69
70
69
62
69
70
69
71
66
66
70
68
75
70
68
61
66
71
66
66
67
66
77
67
64
67
72
67
66
67
69
72
69
66
67
69
70
68
67
68
70
69
68
66
60
67
68
71
66
67
67
65
64
68
67
65
64
67
71
67
69
67
69
67
77
69
68
74
69
71
70
69
68
67
69
65
63
68
69
70
70
72
69
70
70
71
67
70
69
69
70
69
67
70
71
71
69
70
70
71
72
74
73
72
76
75
75
81
74
75
74
72
69
76
76
76
76
76
71
73
75
75
74
74
75
68
70
76
77
78
76
72
76
76
75
70
75
77
73
73
72
76
74
74
75
78
66
78
78
72
77
70
78
74
69
84
76
76
79
69
81
77
73
73
74
76
79
81
76
76
79
72
73
77
73
73
68
68
66
71
73
71
80
73
78
77
76
78
62
70
71
72
68
75
71
73
66
68
68
64
62
69
70
71
74
77
76
68
66
68
69
67
72
74
78
68
68
69
68
74
70
79
72
66
49
58
64
63
60
62
65
72
71
71
72
75
72
69
72
84
72
74
74
72
70
81
82
80
80
82
79
85
80
80
81
81
73
71
81
80
80
81
83
83
80
78
77
78
79
87
79
75
69
67
60
64
62
69
70
69
82
82
81
76
76
69
70
66
68
68
69
66
71
74
79
79
78
81
83
78
83
80
78
80
80
76
76
77
77
78
77
77
81
76
79
73
79
78
75
73
74
75
76
72
73
82
74
77
74
79
81
77
76
79
78
82
87
75
65
66
60
69
56
75
69
58
61
64
64
64
75
75
75
74
67
74
75
70
75
80
76
85
69
77
76
75
58
80
66
76
67
78
80
67
75
83
76
84
76
79
66
70
69
78
73
64
70
72
65
77
72
71
69
76
64
82
71
75
72
77
68
73
75
75
74
80
81
78
80
79
78
84
70
78
82
89
78
72
76
75
73
77
76
77
76
77
77
77
78
77
79
78
80
75
74
77
76
78
80
78
78
79
78
76
72
70
71
69
76
77
77
78
77
78
71
77
77
77
76
77
77
75
82
79
73
72
75
76
76
77
74
76
76
75
76
79
76
77
76
69
75
78
75
75
74
65
77
76
76
75
74
79
75
74
68
75
74
74
75
74
75
72
74
74
76
79
73
77
75
69
76
75
76
76
75
77
72
81
76
72
79
75
73
71
77
76
77
77
75
76
76
77
75
74
75
68
77
68
77
69
76
75
76
77
78
71
74
73
75
74
77
74
74
76
74
74
73
76
74
73
72
74
79
74
73
77
77
76
71
77
78
77
67
77
76
74
77
77
76
75
75
72
75
75
70
83
81
81
75
79
82
79
81
79
76
82
74
73
74
77
76
77
80
79
79
79
80
79
80
80
80
80
79
78
79
77
80
81
86
81
83
80
82
81
81
79
80
80
77
78
80
80
74
73
70
72
79
82
71
79
81
77
80
79
79
80
76
79
81
80
81
82
81
82
81
80
81
80
81
81
84
79
85
83
81
82
80
81
81
83
73
73
72
72
72
73
69
74
74
74
73
78
72
76
68
75
75
72
75
75
78
78
78
77
77
69
74
73
73
74
72
72
72
66
73
78
70
73
71
71
71
75
70
69
69
69
70
71
69
72
73
78
78
78
76
74
78
74
74
73
71
72
76
71
70
70
70
70
67
73
71
71
72
70
49
75
76
79
75
74
74
76
71
73
77
71
84
79
78
81
75
74
74
76
74
73
74
73
76
78
77
77
81
76
80
75
79
78
77
80
76
72
69
72
77
69
70
72
72
70
73
72
74
74
70
71
70
72
76
71
74
69
78
77
76
78
76
78
76
76
75
76
70
75
74
77
77
75
68
78
77
74
84
76
74
73
73
71
72
71
72
70
72
69
71
71
69
69
77
69
68
71
72
70
69
70
66
68
77
70
65
69
61
66
66
68
65
74
67
60
68
69
68
64
53
71
71
73
77
71
71
76
66
69
69
71
68
65
70
71
65
67
71
67
68
63
63
65
60
69
71
69
68
69
70
69
70
70
69
73
76
70
70
71
49
68
69
68
67
69
64
67
67
68
68
68
66
71
62
70
71
68
72
69
70
70
68
71
68
66
68
74
72
75
73
73
75
71
71
73
75
71
73
73
73
67
65
67
67
65
66
64
65
53
55
56
63
61
63
70
62
65
65
63
65
65
65
69
73
68
68
68
67
70
65
66
68
68
66
68
59
67
67
68
66
58
61
60
56
59
60
53
63
57
59
58
59
58
68
58
64
60
58
60
58
54
65
65
67
67
66
64
65
65
63
69
63
67
65
64
65
64
63
65
62
60
63
60
61
60
58
58
57
60
50
58
58
58
58
62
58
61
60
55
55
57
59
59
57
57
54
57
60
57
57
57
58
57
63
55
54
57
58
56
48
56
56
63
62
62
60
61
61
62
60
61
60
61
59
61
61
59
62
61
61
54
51
52
55
52
57
54
53
65
54
52
50
54
58
58
53
55
53
51
53
50
57
52
55
57
50
54
57
59
56
58
59
55
61
46
54
52
55
55
52
54
52
54
54
54
53
54
51
53
61
57
50
56
56
58
59
55
58
59
54
60
54
50
56
57
55
56
59
57
57
56
57
55
57
55
58
56
55
50
50
42
50
51
51
50
47
48
50
51
48
50
48
50
57
51
50
48
51
49
49
51
49
50
55
53
53
55
55
54
55
52
54
53
54
56
52
52
55
53
52
53
47
48
50
46
49
48
51
48
49
52
47
49
46
47
47
50
47
42
36
38
47
36
45
38
52
51
44
36
46
47
48
41
48
47
36
42
45
44
74
43
45
43
42
42
38
52
38
42
43
42
44
50
41
43
45
40
47
42
44
44
42
43
41
44
42
41
40
41
40
41
41
41
39
40
30
41
39
39
37
36
37
37
36
37
36
34
35
35
34
33
30
31
33
34
32
32
32
30
30
30
37
32
27
23
27
29
27
27
26
25
24
24
23
29
23
23
23
24
22
20
19
19
18
18
18
16
20
16
15
15
7
15
13
13
12
11
11
12
10
6
11
10
9
3
5
8
2
8
6
4
4
6
6
6
1
6
6
1
48
3
4
3
4
6
5
1
2
1
6
1
1
1
2
4
1
1
1
1
3
3
1
